-8.94134841944	9.31974408868	39.2246984667
3.7378764178	4.20729211204	28.5443876492
-7.77923700474	2.45986283306	5.412701653
5.80918703531	-3.97054469827	-9.51083562579
-9.81046494364	4.34278474098	12.8151188744
-0.109706804066	1.30071506015	8.34461114742
-9.47997332949	3.15674460411	7.3525816741
4.56289597157	-0.220890993857	7.34283268612
9.92484586889	5.05984626999	41.0315940564
2.99814870325	-1.50845708155	-1.33810411743
-4.14525418919	1.94449422843	7.70444860413
-3.72180273633	3.61749013335	17.238421934
2.8835920788	8.86132386026	50.5787213435
-2.69522038348	-1.835373007	-8.66739667406
2.29512712408	-1.69217231831	-1.81237772331
3.84412193438	0.230481386481	8.42169552155
-4.78329529841	1.03603635482	1.9967347054
-1.90689775239	-9.08316182379	-43.2910911535
-1.7758814021	-5.79079147137	-28.0974366398
-4.65282036244	4.12803414579	18.1519628445
5.00038300295	-8.99452001212	-35.1070866368
-5.36001166583	-5.45113127035	-31.1871911754
-6.70378980883	4.018792846	14.4676344611
-4.22632754606	-6.37602828867	-34.0487792041
6.79652090858	-0.7196252006	6.91822635218
-2.51039438041	-6.92220062645	-34.4274516898
7.34960414983	-3.8143413217	-6.94576283721
3.92429082142	-9.62587050454	-40.4126051814
4.78721130866	7.52587330276	46.8259222356
2.76207429704	-6.11407698218	-23.9122560322
-2.264437853	-1.62643852335	-9.35044881293
-4.6869836664	-6.83293377347	-37.5500443522
1.61124355571	8.54440391899	46.5740882697
8.0323509678	-7.47688201838	-24.2041311436
-0.297172880973	-8.60172258637	-40.5922690767
5.65556040351	0.778097749554	14.425550468
7.75895687709	1.23663457386	18.0202322884
4.3276780973	6.87947928945	44.0268085862
-7.91771927658	4.14068698179	13.5863067322
7.58238432683	2.03948301344	23.2125637595
0.273338542573	-0.120026492265	1.5260572863
8.7778072042	5.9956059402	43.6160206079
6.2261275411	-1.91499567997	0.670834950399
6.8761856504	-8.73929475935	-31.8534643741
9.48870108265	-5.37789301555	-13.1238060318
4.14293961603	3.45858945462	25.6568047986
3.82331143324	2.33027857844	18.969483423
-8.53311903928	5.1522312954	17.1954346189
-5.8910852556	-9.77373371599	-52.4373484606
-8.4320029061	9.58327620453	40.2877966674
2.54466065467	-5.86554520029	-22.7492009621
7.4844726603	6.2274392551	42.9343298312
1.24157310802	4.98304936874	31.3431116958
0.174593652067	-1.31685039541	-2.74150596703
-6.42406734608	4.70600713589	19.4031102209
-0.0517555262546	-4.71819537559	-20.3999703622
7.0842334485	7.85200107585	51.2658044231
4.63710596014	1.90680367361	18.3288097175
1.91371031701	-5.46077465205	-21.7116536656
9.4312918841	5.0750118885	40.5674037553
-9.90995763232	-6.63110772004	-42.5136065258
-2.04465410674	-4.22217563294	-20.5575113911
4.57727769757	-4.33188059373	-12.8326018097
-0.314392400146	9.26013151963	49.3630166496
-8.04697131982	-3.29564385654	-22.6279148155
8.56184611675	3.29049560745	30.5388731306
-1.66275256316	5.4925282383	28.2303246965
5.51043690612	-4.59940142985	-13.6276462773
-3.94469247235	6.89531577041	31.1852889681
0.109713136504	5.7123600142	32.5121838096
3.92625579773	9.40613621038	55.4286875506
-8.06773632392	-3.49356007316	-24.0121759947
-7.50291747652	-4.23850530353	-26.73583005
3.79750064058	9.08668781189	54.2882835268
9.44364044354	-2.79843746817	1.19229824461
-8.68008399088	2.76700820449	6.29451188118
4.97661846366	7.63560849778	48.1696430135
-1.51355956675	0.819215881887	4.91938012553
5.15646169809	-1.30407501443	2.27767846995
9.23201667142	-2.92067049	-0.984037097206
3.54387370263	7.67081828136	44.2227012441
-8.43068928301	-3.83834413818	-26.5523430277
-1.79986520913	-9.38136200202	-45.0882079495
5.32397902993	9.55729080696	57.2294375882
-7.27428788845	-9.918353453	-54.8364505444
-1.37818691613	-4.18394003358	-19.3367234183
-4.55617641571	-7.43007248199	-39.7221925443
7.72208515069	-9.92838651122	-37.7252612451
8.85161189251	-3.3987732378	-3.37079314367
-0.700994050086	-6.16454217833	-28.1457593969
0.370927872027	-4.16443023296	-17.5837325425
-5.77814813522	-9.51953877748	-51.5684669033
-4.93240171379	-7.7796069449	-42.1558790308
-7.89769053843	4.2117396009	13.8351958131
-8.7805222255	6.32766166057	24.6639723426
5.77271314266	2.57150665348	22.8351210097
-0.903284942083	-9.26257926396	-43.9435407751
3.12022700311	-1.55065290755	-0.623598316251
-0.497932348583	-7.36298167261	-34.4267545488
9.54773310984	8.11282099153	56.2671482754
1.20253311106	-5.46495633776	-22.8759373599
-3.69767914865	4.12119691707	19.053952444
-6.6462084595	7.38439414857	31.1353330543
9.68870942769	-7.36036779872	-22.6810605412
-4.71628800085	9.67108241284	45.663332305
-9.46192912285	7.92647724258	31.6567407825
2.76533842528	8.07295328932	46.4055658968
-7.18963021806	5.95133098508	22.8493284959
-5.40215292205	2.57763291153	9.62089221992
-0.273442790172	-9.67611254375	-45.7948657575
0.128977405374	8.76860544431	47.8082029751
-4.86853702911	-8.68524939092	-46.770267759
1.18218841016	4.00777560896	26.1103928689
-9.21154343064	8.576896431	34.7362528069
0.677852314944	-8.50096649427	-38.1678677686
4.98467392124	-3.8597907286	-9.62618129752
-0.838869140532	-3.78407996853	-17.7477658159
-3.08874726879	-0.762691668007	-5.00995533008
-9.99788418099	-5.93202357794	-38.057981191
-7.63792608933	-8.19944048629	-47.1926866636
7.32676699213	-8.47205160943	-30.5561841196
-6.58809223171	7.53238400901	32.4592739115
-7.38293662394	-1.01622931532	-10.8673784356
9.06667672141	9.20256533721	59.2482722326
-8.51781338756	1.03840598238	-1.76883519407
7.46976518278	5.26142884748	37.4636436675
5.13522889946	3.29446795401	24.7005247085
-6.13993826897	6.70367377164	29.4028848485
9.69524075256	-5.85784201473	-15.5660834277
-8.36416184727	-7.56083124467	-45.0551649374
-9.87403131928	-9.95903193046	-58.1685874021
7.92873982004	-3.83473746515	-7.16392933937
-4.76304094535	9.05910333801	42.6607034371
3.15519114184	5.78846850812	36.1473194292
-9.63283751228	2.90570156632	5.40967890373
-9.29135422554	8.24490395549	33.6858623517
-3.08944433169	0.799141799416	3.39841155742
2.85293050112	8.01759600994	46.0963855264
6.04176821603	6.17597058852	41.2063126352
-2.01622777755	-7.04825076125	-34.8754823957
-9.58797373211	2.6643951982	4.11855588387
1.06087024343	0.573397613313	7.14805385497
-3.27367897445	-7.63040264728	-39.1441682611
-9.09121571828	5.29889594786	18.8315355924
-7.14477900876	-4.39959893233	-28.1455183221
1.13443854431	-6.68122027081	-28.0986649591
9.05663174781	-8.8370213259	-30.7342910001
0.530968166204	-8.80595440893	-39.0800467769
9.46620231398	6.5315235632	48.0423004386
-6.25029213029	-9.31192042345	-50.2780182684
4.91992487975	4.93217783812	33.7241317682
0.196449281639	-6.71040100242	-31.65478702
9.22804845848	6.38187493375	46.1259560958
6.83126105372	-6.10357106346	-19.5892708773
-1.44305773063	-0.046524332926	1.81882489539
-1.70780548314	-6.22244821483	-30.9498400428
6.01044074807	-0.630251752684	6.41138443463
-0.76097032124	5.86057542432	30.7525388447
-5.46098847733	4.93464886468	20.5642230342
9.14374468059	6.3737544636	45.7562382557
7.55850439762	4.98250318441	37.6004226902
-4.42181140838	0.873098502039	2.43899906146
1.23636814786	3.7422386575	24.2568708266
-1.43037648555	0.625810717591	4.46488037036
1.76116460338	-4.76093912346	-18.5717599331
-0.720349256056	3.86203474844	21.6668891091
2.52390085827	-0.780085369748	3.25176566787
-7.72722639164	-1.38523689541	-13.0603919514
8.3764383155	-3.5869150367	-5.18173259328
9.07335895213	-5.57188765509	-15.6017661119
4.9073348133	1.01334164387	13.498415003
-4.85747314988	1.91396779812	6.97120369192
9.73309873477	9.81524558675	64.048557276
-7.54401001552	0.916940820354	-1.17151344883
8.5755575967	2.1471072951	25.3004662844
7.52871373147	-0.087898841204	11.1420717532
4.52358128758	9.77440490322	56.8600000927
6.71765644986	6.06422059155	40.505460807
3.32224432289	9.60205072511	54.7376624848
-8.68307193069	1.52058436661	1.20712089885
5.92689398979	-5.65830032103	-19.2502584835
-5.96505521991	0.908019766234	0.188266078058
7.63707134695	-3.26539481385	-3.92377219503
-1.90229585327	-9.28623082939	-44.0753079972
-6.31524117645	0.325024613007	-3.27206611541
-3.41368587521	-9.59925082686	-48.9518585844
-2.12788538079	-1.83928324267	-9.79447594476
-7.45472131344	-4.9069801995	-30.7900344533
-9.89352910847	-2.98317096828	-24.1431335035
-1.61010139206	5.18280202476	26.416324644
8.93358925628	-9.00230627058	-31.9403576324
-4.78866779308	8.48935450795	40.5475572849
5.3283029242	5.79518637257	37.6322393874
-2.27453397749	3.48259561864	17.6119061713
-2.99336566834	-1.03019542291	-4.79456952303
1.08281697974	-9.46114538195	-42.8596766627
3.24863500924	-6.66507961069	-26.7302321743
8.20061571705	-5.71237304522	-15.2892435592
6.51437995343	-5.76305446182	-18.9908309593
4.07755211455	9.48361368536	55.7902556819
-0.560817681533	8.24747998263	43.0300325456
4.45180017471	-2.04110412913	-2.62272345382
-8.74045986638	-6.15692772682	-38.8230000903
-7.02231721274	9.04070236902	40.2394419687
2.4784819642	-5.51536124461	-21.0978348901
-2.2336935158	-8.74923849585	-44.2897514149
-6.79579730971	2.91381824256	9.43256455064
-1.22330542925	1.8859741295	10.8891304464
-2.2969497725	3.93325720283	18.4274656566
-0.26878920243	-9.14203535234	-43.4504827933
2.74029550912	-0.733874598651	2.14680287411
1.79273969818	0.879371239538	8.45088142118
3.21382840398	-4.45619486493	-14.8233826729
3.55889517223	1.07840175978	12.0165038192
0.469349212937	6.8283722228	38.4436906953
6.66922494904	8.25332716326	52.4269618521
-7.56674681938	-2.92476201383	-20.3057139421
-4.03459150809	-6.9713348174	-37.1939440316
5.50223108744	-2.31116970071	-1.37604623506
4.26860298359	-3.67696584834	-10.4429900808
-0.357728689478	0.588715099268	5.10727930298
-8.09184537667	-0.580495217863	-10.7229192338
3.23655051609	-0.60263219522	4.82862023151
-1.46700979072	4.66453594685	24.6722147664
-5.55929321757	9.27506907092	42.5961290269
8.06831045138	2.55170523627	26.7449833405
-7.07094325844	-7.96824009659	-46.0853036429
-9.34028577467	5.66011134472	20.3944954542
8.21294124379	-6.46689905158	-18.8363364409
6.90555155721	-4.56383997407	-10.6525192944
8.88898031947	-8.01718178643	-25.9815966489
7.33638981779	-9.29034740994	-34.0340351457
1.2460044454	-0.974883046001	-0.0889406272248
4.11973451507	-1.42650477186	-0.0627201011798
-5.87837501346	-9.19941487933	-48.8131023064
7.49822461284	-7.33098749346	-23.9508894364
-5.57261429429	-7.35322598301	-39.9318166304
-2.7031874206	-6.55058064876	-32.2467958722
-4.19636310492	-8.96206599076	-45.4771874687
5.85305159641	1.12919564031	16.3024223583
-1.54989626565	4.70705131586	24.9956632797
-7.34186608882	6.55736043185	26.6978524384
0.342315469216	-8.68395860959	-41.3346868809
-3.84071129691	-4.94818217459	-26.6935213208
-4.2802697742	-6.4192296932	-33.7701605979
5.78021704297	-1.48116239532	2.96921985358
8.33829882723	-1.13917756803	7.41239177712
-0.0130410350065	-1.40368688042	-3.75428747424
1.52905238419	1.95563434649	15.4161556403
-2.03685659772	7.97581901163	40.2534282265
0.724516141639	6.78468334702	38.6455801451
-0.847997613674	2.47469063382	14.8460328753
4.01608671433	4.75521894521	30.0345767274
0.700561263334	3.27967957486	19.7768601772
6.5610111988	3.49324398212	27.4978000096
-4.9871294829	1.99778003469	6.32130614912
-8.58377473096	2.57215847497	5.78789207824
-7.99961274105	-4.92890461721	-30.9273521487
6.23722234414	9.21954338796	56.7855387308
3.38415734683	4.04558403736	28.1286234142
-9.78331456647	-9.58819545708	-56.9105671593
1.65441718502	7.54493596706	42.5040249057
-4.07593298881	5.71823579268	26.6685784124
3.34198389493	8.95617428341	53.032417446
3.79419787419	4.32756955814	29.6784635037
-3.09421450657	-8.87500240591	-44.8551410591
0.802440497565	4.14640401699	24.3146540186
-4.51571701922	-7.30937699305	-38.6455481869
-7.93198794066	5.0315648918	18.6936869333
3.37419653589	-0.0384666413834	7.24173638413
2.620346849	-0.21414429902	5.12740363949
9.77023543455	1.80605354188	24.1502196731
-5.07985057206	3.40722015412	14.9739821367
-2.19075505146	8.61801904386	42.7593989355
7.8449774679	6.63592854915	45.8910733944
8.98237296181	4.5768475317	35.4690483578
1.69614898178	-2.49231686705	-7.72167071614
-9.98915141141	-9.38672423554	-55.3243695174
5.66578069025	-1.22032696713	3.5860795921
8.88980737502	-6.38208064528	-17.5689580745
3.74463501322	0.111500428584	8.36555637975
-8.57622280607	7.93686066967	31.7868762475
1.5660386144	-3.88005602665	-15.3513195268
-2.77021872674	0.211460180954	1.20354185774
3.28648662649	8.47354975003	49.7854613745
-5.13780699372	-7.57918788861	-40.8363268026
0.182384292825	3.04755516643	18.6943922187
1.14981321949	4.01388219598	24.7603858785
-0.931124400764	0.23652333362	2.48086945789
7.91471481723	-3.23209412728	-4.13178585791
3.97353274251	5.9012005632	37.3495483117
-7.92828923292	5.2883089287	19.5354363899
8.09508102198	8.76567287345	55.9337018044
6.91033690957	8.83213689996	55.3944614671
7.65238785269	4.43200084668	34.5334185245
4.83839043219	-9.10244674671	-36.7660012561
-2.00727093348	0.0109864986455	0.457282396646
7.11476445361	-9.51548286616	-35.8399455225
0.415144008159	8.68758130595	46.3378241426
9.15119234015	-4.45240800337	-9.53524606948
5.85099030243	0.818364420491	12.9347345572
-0.934927856127	-6.20135621653	-30.5412750062
3.45914461073	7.3026112209	43.71793069
-3.49044980186	4.4344761977	21.0222161266
-6.84778467874	-6.48354216714	-37.9703268637
-3.26053158082	9.77977732863	48.1983793734
9.1530095861	-8.54035960273	-30.3783376098
2.74381548757	-1.11964476108	0.564159083315
5.62576913546	-5.71214784965	-18.9740961507
2.68063186845	0.0624441465849	6.13337289348
-9.5753146522	-2.06136971911	-18.5752251646
2.74518863694	-5.41240348221	-21.6986092492
-4.74230981739	8.98847461343	41.1403736088
6.64197902758	5.33833511403	37.0803275663
0.231589715474	5.01602238876	28.7313860376
6.76820377558	4.26373600667	32.8561165237
5.25672889081	9.90897071121	58.4441226928
3.61931071436	-2.83528340466	-6.62575921909
-0.0583781808722	-9.88639879527	-46.6811759377
-7.29765310582	-7.78786881832	-44.6350340276
1.45377435805	-3.84841971929	-13.5561077126
-1.18102065667	-1.22012526734	-4.60292407964
1.00069876923	8.01564323146	45.2250335384
0.677047711495	7.61324762135	42.3849803363
2.68151346847	-4.18727706554	-14.0869661441
-2.7396731987	8.28207984451	39.5495600866
-5.81241005566	-7.58826485115	-41.0031512742
0.868664917397	-9.57201813987	-43.4587581804
4.10032124183	-3.60046105555	-10.6038069658
5.79099225538	-6.22781032418	-22.4401329611
-4.85610193235	-5.14884084335	-29.1439769068
0.327242536381	4.02136721322	23.5832585971
-3.04962394158	-4.4553665004	-21.9897359235
1.6039470402	-8.69426164061	-38.9964834194
7.94901915564	-5.02377011608	-13.8593692722
7.2365305756	7.56450757428	49.1712337128
7.51437467706	3.83066186324	31.9480015551
-2.3111084822	3.00194296406	14.956925087
-7.30367768872	5.51711580019	22.3746902535
-4.55436953907	9.65260116797	46.1137173897
-7.20205919758	0.349879010233	-3.49331685455
-5.89691939403	-5.26166511021	-31.4239533329
-9.61763895039	7.59431480209	30.5086217766
4.78034044405	-9.90587978209	-40.7661525726
9.5094966832	-8.71571376474	-29.1484097258
6.59742843329	7.79627098926	49.9821061603
1.9753875938	2.63310375773	18.3973138904
3.25386532135	6.69758149577	40.8886051312
-5.14511594303	9.90744628105	46.7427027539
9.32425904642	5.2940061504	41.0521629681
3.75858121333	3.38544418623	24.7590606517
-5.90571643021	8.54848164408	37.4274775842
6.12170835474	2.56481445251	23.5988766946
9.95758632529	-8.96023344991	-28.5581774023
-2.42797466813	2.97800545703	14.2150935015
2.9882871918	-2.16151466674	-4.31515916647
0.674029792078	-0.44919092958	2.27690972871
5.12163490251	-1.78553952965	1.05280415781
1.42231438598	-7.9931996512	-36.4640472478
-5.47639728	-0.582047277535	-6.05175452742
2.95272961909	4.76107936623	30.0336860753
6.68640841657	-1.06702830887	5.77946808251
-1.29126589262	-7.03420147227	-33.2245076615
-4.24862286209	8.68052589247	41.3159674217
-4.14326546425	5.22076248101	23.1260817445
-6.37535077506	3.21305663514	11.5518874938
-1.00233988404	2.6584721593	14.8776473938
6.15493807216	-9.96315142887	-38.2428451751
-3.30015025134	7.12380037945	34.8393409287
-0.4225897818	9.38104564164	49.5213750145
7.56986397311	9.91329178784	62.4848527664
5.08973800435	2.51966742212	20.6419775517
-1.88654768468	-4.79599679776	-21.9662763711
-8.80766886546	-0.737850094726	-10.4243372438
-0.154578784512	2.50566695301	15.2299458504
-8.52263267007	1.63099786412	0.767639889811
7.06588228701	9.2534396218	58.8157252021
2.10310032367	7.04852104896	39.3178278537
-4.37382094905	1.02160314439	2.65633035296
-5.64874840709	4.53479261398	19.6859420159
0.128925425895	-3.22025520687	-12.2646617813
2.78025856349	-6.95496587985	-28.4708803514
-1.80453816376	-2.17489441933	-9.83511391284
1.66247436734	-9.83982145562	-44.7537093249
3.21070176212	-5.87654788731	-22.8331176838
4.77202935592	3.31480015357	25.1722892107
3.40755235179	8.5987534479	50.3241681052
3.41259807641	-6.39394941855	-24.4118201039
-0.460108483525	6.47051431661	34.7699251165
4.51081982194	3.35886387487	24.5663492171
0.33140992935	9.95547514358	52.1737859756
-6.48231044914	-0.532511268958	-7.50260070055
-9.26419736825	0.218945749687	-6.34230966957
-9.02226870328	0.0998209473988	-8.06735381747
-2.3943811291	-1.54637575923	-7.947278461
-0.860446983693	6.41481459429	33.1451370734
-6.19262240247	-4.95307350348	-29.6026252196
-6.93732548018	5.8563464436	24.4746840854
-6.96414711575	4.07722628342	14.699694815
3.00713408965	-2.92762380411	-8.35984158776
-3.99730654031	8.4049580991	40.5416056608
-3.19774486089	-5.53064385913	-27.8185431327
1.51843946958	7.83035836218	43.8191776429
3.68639442837	5.77264149232	35.8229620664
-9.9162030004	-0.178072623803	-9.43416108016
-0.21431305999	4.70285753979	25.5291081565
0.295202191166	2.55515641865	15.9463314581
-7.01693571079	-0.493262713956	-8.82156599711
-6.47716346172	2.94837994735	10.1983339382
-3.9738071084	-3.86259067302	-21.7982457516
-7.4974011577	-3.1542721636	-21.0128952089
6.60469752419	-7.50729559401	-27.2273274634
4.69326397916	9.29599344876	53.6715689412
1.15476773582	7.40337004702	40.9677620397
-2.36592248996	-2.85902625447	-14.7184588085
-2.1834464951	1.73425583355	9.41386457673
0.887748516054	6.41715108822	34.5930890898
-0.437596832256	-0.330536372388	0.0170967870266
9.65694723822	-5.11622199171	-11.5172690835
-3.1293706395	-0.927731231073	-4.63467907802
-4.80947353837	6.44362436652	29.2306386604
-3.07134276356	9.12092739697	45.6650136097
8.44213054926	-9.29187690215	-33.9647352563
-5.50779463012	-2.44309108579	-15.6645050054
-5.84523418036	-3.44924054223	-20.9629228709
6.11402739107	7.95841193313	50.602515026
-0.508915620053	3.04927008346	18.0340869757
6.83913336058	5.11797512486	37.5923860079
-7.98289621745	-7.94462518807	-44.9344060385
4.74674435863	6.90303769736	43.4635833476
-0.0590152709622	8.58670675621	47.2567416794
-7.57598396385	-5.86299743133	-34.8400561499
-8.40468543152	-7.99007671713	-48.4212628421
0.725024879928	1.9454822836	12.9321261251
3.65784507202	-4.60766311909	-15.686678728
-3.77272014184	-0.0627559812596	-0.547203412326
3.94572850153	7.50970192961	45.6271141763
6.94695595345	-7.89826592478	-27.782887202
-2.15072769104	-7.30911312705	-36.0322098673
-7.44246480969	0.72729513054	-2.59381690181
6.74863213873	-6.94638844295	-24.445472948
5.70612101852	0.213757796057	10.1182270756
-7.13603210878	9.54232113497	42.2121269563
6.40331203712	3.35163327954	27.4814682004
-7.24662809655	6.48282055633	26.5809027509
-0.215800840671	8.05265088962	42.473205711
-9.20575476099	-0.770466883761	-10.850863139
-4.46440853703	-0.431246285754	-3.98617552825
5.47954592331	6.70202203619	43.0026892474
-8.79157727427	2.18112431477	2.38009319218
4.98797178266	-3.96914625216	-10.8453571134
9.63957055796	-6.74525926292	-18.7058289858
-0.613558421821	0.306255798563	3.44685066753
1.74713482738	-2.65625705288	-8.60367700898
-9.4332680555	-1.32030487386	-14.5629725126
2.44441510907	1.39005707067	12.9649250451
-9.97235564397	-6.49392588115	-41.9872131901
-1.25507322252	8.93905792577	46.6461978509
1.33107433405	-2.59465505429	-8.34738167517
6.7401035076	-3.9970476336	-9.62121510721
5.83471492412	-8.98305080311	-35.8947228742
8.90041523622	-3.98298337887	-6.36056198642
0.609747904097	-0.562266634161	1.9524872604
-1.7787308682	-8.66596288098	-42.3485554871
-2.17669608542	3.5652592439	18.264842703
-1.6718216494	2.11386649879	11.4841908007
-0.596536590836	1.95726202138	12.6875694027
-2.34530436478	-0.264502261021	-2.16465937909
4.38150376517	0.106822090859	8.48557218786
-0.147646037826	-6.96764883871	-31.9249679574
8.38272102776	-3.80013245676	-5.66262113985
5.22064395798	-3.99936035973	-10.8631604442
-4.13902481327	4.04233660286	17.7213845406
-7.7697675966	9.09235252259	38.2120510364
9.74168487561	5.60891325688	42.7828079322
-9.05220795159	2.29418318937	2.4131148662
-7.13595124116	7.62288884174	32.3064602274
8.65186333544	4.27279449294	34.9136837667
-7.36482879606	8.46472412876	36.9077853713
-8.32156095515	7.27758071144	29.5698932598
-8.87599123221	-4.80495696626	-31.1209563828
-6.03242746557	5.70851525675	24.3322893405
6.59714949609	-5.01810795399	-15.8260237185
-5.79438513252	4.21572556619	16.9520323607
-4.02635259057	0.26564816072	-1.10874210966
1.97792614301	-5.5718920889	-21.1706689758
4.03872914024	0.474578934833	9.53609151486
0.245491816324	-0.2317076366	1.2731821808
-6.21345026994	0.434103551786	-2.01474660677
3.92878658558	5.24832391691	33.4543260729
-5.72774117486	1.28480948168	3.00702332013
5.47170859201	-8.93874829296	-35.2236071482
-2.05817477241	5.25468770025	25.9465629348
2.27497252222	-9.60099521098	-43.0451134955
-8.07300907453	-0.228860169426	-8.73767440614
6.93895269729	3.87264861009	32.0194523826
-9.48200982321	-3.60098016651	-25.4236464127
-9.21721074404	5.88192486994	20.5721877772
-5.28796040084	1.09407521722	2.44591769936
7.66812428857	3.12992267054	28.6413995575
7.47934816778	-5.75783016032	-17.2508288333
3.40452776737	0.0604348686371	6.86457709855
-5.0291681011	1.16194213857	2.84014212762
2.20991574956	-2.7968918175	-9.57617706267
7.49157867963	3.25014972604	27.9330283571
-1.55061641809	-4.23629720234	-20.6588817892
-8.87937147176	-6.66683119591	-42.0314213913
-6.22325907774	-2.41867361952	-16.5017082767
-5.24555483997	6.83401072616	30.8949344116
1.98943900032	-3.60006221545	-11.7842687168
-1.45463632961	2.13114465723	12.1317811131
-5.53040709388	-9.62561069606	-50.8026888362
4.96531980994	7.76835359686	48.5595073588
-4.46409979265	4.32122001578	18.6434926878
3.87018863732	5.25644765426	35.2326105455
3.84954421924	-6.27302096143	-24.0984426667
-8.63354908421	2.58751779404	5.1179129778
-1.32960054241	1.80512223106	10.4102567093
-8.48137543016	-5.03648424285	-31.7971709701
6.02298057351	8.79636312793	53.4411114514
-4.64084152927	2.23294768384	7.80321782635
1.34747370903	-8.88902451129	-39.630287213
-7.12778703002	-1.24459514286	-12.2502836003
-0.158617439451	-9.8563866392	-46.2613785869
-9.29126618446	2.64555282673	5.90579608461
9.19681456475	7.6814192189	51.7634606406
3.97856006553	4.13754056976	28.0199612306
3.35284320104	-9.35093731571	-40.1978801684
-9.9197630068	-7.50886367984	-45.501743926
6.89780458073	-6.4566796231	-20.285120874
-9.86733309577	-2.16202879092	-19.8180986847
9.54326005312	-7.70565834043	-23.4446439558
1.19883997667	4.6697837282	28.2657581364
0.212307229863	6.80890820347	37.5337785337
9.41914038117	-8.37293411619	-26.8462498154
1.85044501519	-3.8599040562	-14.2581891545
7.05869856344	5.48805730296	39.4209138172
-3.19961339961	-4.97011525363	-25.089804815
4.48646445597	-3.99518129788	-11.7659539321
8.20166428935	-0.443964896474	10.3113494826
1.02618630897	-7.59210779778	-32.7548308865
-3.56084652254	3.37501590974	15.6826621504
8.40934301245	1.58212724604	20.6144057305
0.577119497515	-4.28867225933	-15.9577918768
-6.31944379889	-8.25074593414	-45.2875875377
0.277492758146	-8.32381275794	-38.7616775172
0.914132144667	-0.561849037116	1.3515970555
-2.68818695779	2.4615507639	11.9106438287
6.28497795713	4.78510022658	34.9710818818
2.46284681261	-0.875788102057	0.766998228391
0.206131666625	3.03986586052	18.5179312484
8.90226287885	2.19051885883	24.678330495
8.15081138277	-0.75269384911	8.83277729755
-0.292754001777	6.13242797601	32.949664242
-1.69195110324	3.79405776107	20.2125001928
-7.48135931965	-6.40636903334	-37.7403883946
9.04233635358	-0.684343313505	9.94339865039
2.03713529939	-7.1801166329	-30.8570624103
9.38390609295	1.42353710678	21.7451861004
5.07855559383	-8.67149739171	-33.9482026172
6.60542362467	7.27870867414	46.6268794593
8.32447743882	-5.71685319063	-16.1391037653
-1.17704286814	3.34828797082	19.3771742912
1.99282897878	-1.72544079193	-2.87828089094
3.62222819616	-1.21706824802	1.18655356453
1.3631558408	6.22277423277	35.8186383899
0.322154721227	7.79243375801	42.4103249654
1.6588911158	-8.24296612279	-36.8377715658
-3.52018976111	-3.42053217985	-18.5025851337
9.57280681766	-3.11549395143	-1.51655489951
-9.35633195532	-0.659692860709	-10.6663258781
7.94830859867	-1.2181431941	6.86567369386
-6.24496772962	1.10177282768	1.55154665978
4.26653352667	-3.9994109097	-11.1588008637
6.99918516903	2.79257987305	26.0479291388
8.79822243177	-9.04969635741	-31.2346256261
-0.688575757675	-9.031077193	-42.1398138652
-1.90703287182	-0.735003191148	-3.13650098906
-1.53033859834	-6.05437476608	-30.1663756682
-8.19957996054	6.01783809136	23.2102058152
6.55194355942	9.85821001466	60.1628858523
4.31529107872	6.49595493571	40.4503607031
4.03224470923	-2.43027216693	-5.14659771573
5.46346363807	-4.39559854457	-12.6807077252
6.36473602958	-4.72582331534	-12.5123162235
3.23931033348	0.208638069253	8.10766907452
8.45534786808	-8.9895271484	-31.2758173535
8.64190808725	-7.82236625066	-24.6704999756
-6.78886258607	5.04127455902	20.5431945647
-9.88514360598	1.62078004825	-1.18403209426
-4.67304463294	9.44261801922	43.8156586022
-9.02444041519	2.96515634099	6.23222182118
-3.21737288405	-2.20456523068	-11.9940923093
0.0857538829436	2.44752458368	16.2103620884
9.09597753993	-8.55002690292	-29.113138033
7.09434923033	-0.860367638316	7.09929385419
-5.9643093972	-3.4667527409	-21.6100750834
8.59659931198	0.896643206641	17.5247155145
9.94297231917	-8.80325548861	-28.6364547392
-2.98919337113	6.29900968484	30.4691705953
7.63292528694	-0.399518648629	11.6779564932
-9.83534001699	2.1443725409	2.68397242796
-1.20323770915	-0.568005471883	0.272761474776
-1.31315035192	-1.0853537465	-3.17762867916
9.46151641649	-2.14382975075	4.18072584412
-4.06935582643	7.42677330409	34.7720667188
-7.75328666058	3.59457462933	11.9185226732
3.38093730242	6.25891393733	39.3043682517
-0.322625898598	0.903548124403	6.09752468221
4.39231988337	8.73264277375	51.7805505547
8.23456233607	9.59603880086	61.0294033703
3.80444962746	-1.91535199137	-2.15141578484
-5.90430879693	3.80955043401	15.1546118355
-3.06859879496	-3.60331126949	-19.5271021416
-6.72832179232	6.74546523329	28.6101601912
0.789175692536	2.14711916952	14.8621057881
1.69823804553	-2.18468247803	-4.83914453719
6.55997346631	0.240700256975	11.8271797571
6.58574215622	5.68425834848	38.9815284506
7.58807130997	-4.76313117118	-11.6228323148
-0.619484903002	-0.501669250479	-0.15176142921
4.75890498723	0.530027420399	10.6661937623
-6.03348437163	-3.16900646737	-20.3437067363
-3.68317146728	0.74459354758	2.91168219073
6.99920707535	1.81161999784	21.1039146832
-2.67236647356	-6.85137968607	-34.517869943
-5.84485952359	-2.49669882935	-16.7428345576
6.05096138221	-5.01040279008	-14.9490438694
3.60086486265	-0.364411916828	5.05257481487
0.122959475904	3.81245585884	22.7523064719
-0.83743210843	-1.30646819244	-4.86599469665
9.6493189553	1.09248863943	19.2651657999
-7.36533432897	-9.47344530188	-54.3271567595
-4.1654964072	1.07028418241	2.74260840952
-3.58377560536	-8.36776721001	-43.1483816702
-1.8465347974	-6.51404139635	-31.7375857231
-7.95052364005	-4.01794195009	-25.9710404166
-4.63635517302	4.13102775213	17.2335249027
3.63498835528	3.9249252186	27.2628410662
-8.462899321	3.40906271032	8.71940094093
-3.87553416308	5.5179062987	26.2567334139
-5.66585134777	-2.07450187428	-13.9408311623
-0.185454152554	-0.146811437891	1.50751565602
5.83012297287	-2.54979103566	-2.7902490172
3.71045921202	-0.673789499683	5.31306589941
4.8425503975	-8.34208111253	-33.6675271464
7.49844587784	-2.53298594105	-0.505392397323
9.45671743058	4.71252461412	38.9529380122
7.97543384427	-5.09325100774	-13.1123211791
-0.39405470825	7.7942540854	41.1629769273
-7.4117273697	-8.71273158697	-50.5789043771
3.38965303488	-5.88236682101	-22.1363433117
-1.38724296215	8.14937382182	42.4298538249
-3.6846285155	-4.83715434799	-25.6487538946
8.84743629242	0.21726971163	15.4719587666
-4.12114275043	-9.16327662909	-47.8027216466
7.07409627173	-6.38656443266	-21.427408649
5.00761587766	-3.30057521345	-7.55227548184
3.64271403292	2.06254939489	17.6108225039
9.51958024342	-6.42771907214	-17.9162837534
5.49885276111	-5.58660004297	-18.6272533688
-3.0577338574	-9.95156255827	-49.8750626948
-0.196935129817	-4.7235472205	-20.6379230709
0.161547792272	-2.73487543815	-10.50096043
-3.89243719502	4.65781946515	21.2719024775
-0.904868861635	-2.90361888907	-13.410642249
-6.90563234643	0.232858178574	-2.77125080784
9.11715232623	-4.92245194795	-11.5250723385
-8.02620665266	3.76897523353	11.951668061
9.47279112174	3.43861388144	31.97317436
0.819438230497	-8.13146220133	-36.4324358398
-0.32886755056	4.28351869216	23.7371729769
-7.27504287426	9.83440224605	43.0661292371
-5.89981998771	8.1353898884	36.6242470043
-4.79287002605	6.80524909922	29.9229382645
-4.0692075039	-5.17289442346	-27.8865033166
6.6797432492	-0.755633930056	7.88294554228
-7.86080015903	-5.22296389263	-31.9529394045
-4.46116599911	-3.40490839784	-19.3001399139
-5.24912187463	-6.8804814059	-38.4665661094
1.04033169303	7.09952584347	39.9102828456
-1.4934718971	8.61334230411	43.5772119347
-7.91631141725	-6.4911294849	-39.6070005292
5.33478037761	-3.11880959059	-7.09165768073
8.85749969443	-9.66805295594	-35.584345966
0.687548882156	7.87741354895	43.8618408619
-9.52369562095	-6.92674916592	-42.9105241411
6.74999233667	-6.42450294167	-21.9114130482
5.96896865576	9.55200435106	56.2815672293
8.88846130574	-6.21719091507	-17.5709354546
2.38931299528	-7.16643348578	-29.7364083344
4.61936332299	8.78658225946	52.0117735504
7.2659176252	-1.92188151973	1.05907852334
4.43172791212	-8.39900364869	-33.798833103
-1.63895771734	-1.95763157853	-9.7513764147
-3.78857159412	8.84123610921	44.0538225236
-1.58595635772	-3.71771705894	-17.3977327431
2.75154963017	4.61156481265	29.1653691157
0.219677826712	0.743943757649	6.69837768774
7.74085981868	4.81823636567	36.4129585518
2.56864233512	-7.94145568412	-33.3254542112
7.15094335216	6.72944033273	45.891587326
-6.43055347112	-2.82217952996	-18.4272769471
-9.78249380319	-0.361740270465	-11.2215099162
-3.21605367765	1.26468337332	5.58609589897
4.25992239854	3.62734850278	26.145817016
8.98733503275	5.37280226931	41.050350688
5.0240249462	-3.16128858226	-6.47820763957
-2.65051611305	3.87001485992	18.5478394906
-7.02878776595	2.84475232047	9.03784088036
-3.67831860303	-3.78306039979	-21.6178183532
0.846019574359	-7.84263498256	-34.1040912319
-6.89879782669	7.99113494146	35.2546186249
2.64171511157	-5.67121586509	-22.7501964902
5.03026910449	-2.50997428951	-3.00732730537
7.72353131104	4.00043430832	32.0502717353
9.27824316697	7.95348512842	54.1436281723
6.68178675236	7.03984661915	46.2133561967
-3.53194546351	3.46882447024	16.5349846686
-4.12931274685	8.49873770359	41.2742636896
4.80452932662	4.18898197678	29.1412268341
7.47650224563	3.36413295299	28.7720795017
8.05545798225	9.86203111462	62.4797752101
-0.615827216378	6.09006069106	32.824176929
-9.3532927626	-2.67323530779	-21.2445920106
3.60334294753	-8.07864813341	-32.8720642417
-0.164674560054	1.54840044756	11.0056059192
-2.48840029272	-1.93824376279	-9.85090241059
-5.22655279376	4.31357849375	18.5025694252
1.93964904937	-9.11705686954	-39.8396095289
2.08145334497	4.6903129391	29.5070748508
5.9298800095	-3.61751547624	-8.211907446
6.84273568374	-4.29136378165	-10.086469052
-5.95847005903	2.75563608251	8.33419554064
-9.6164698819	1.07529106344	-3.32005104591
4.2447531495	-1.85022140619	-1.54197054058
-7.33879749893	-0.287955926607	-7.26120010048
2.37012883051	0.506939600331	7.67467306669
2.82068562025	-3.31952951655	-11.2764197825
4.54319969544	0.0484904699768	9.72280499752
-0.281109994274	-6.69262107693	-31.1168863111
1.34054792123	-4.71003785404	-19.2506622879
-2.84211094242	-7.02912717647	-35.2329203413
7.77582856811	6.50554067547	45.6501310985
7.08431884813	-5.9188367144	-17.9322612712
-1.03963851153	-1.82696812856	-7.974509074
3.09625040423	4.90218497972	32.4242270004
-0.562474425615	5.21245149583	29.4114400892
2.89494559166	4.36016226466	27.235957033
-4.54033295954	-8.40776960211	-45.4891747066
2.5537068399	8.05789068164	47.155740517
-1.02133645512	-3.57689848145	-16.8309408665
9.94829701634	-5.64100348494	-12.6740861013
-2.73206225872	-9.20459980554	-47.4435276435
2.02989812307	5.57432391478	34.5164411469
-8.81352881279	8.35277598165	34.6941416371
-0.836187090501	6.20311621429	34.0715289866
3.99590302974	8.63861067681	50.9094674623
-9.29549181146	-0.497659254835	-10.4691372736
-4.28541320292	-9.97017531086	-53.7481366158
0.886203895972	-5.86853880749	-25.2930439193
-7.88604740559	5.04874633443	17.6897836452
4.14667136576	0.435238705103	9.03067341822
5.8953125293	-3.83225811942	-8.65987481714
-9.5736831006	3.43876036025	9.16045120501
-5.81474976314	-6.87027601419	-38.8522060176
-2.31233484401	-9.13362575694	-45.3709687637
-8.45082168753	-7.40961046215	-43.9761933191
6.7615086372	-7.99550633241	-28.9753428457
-9.44482101912	-2.2273536012	-18.9864443876
3.48035429063	8.73044344663	51.2987378326
7.6681783244	-1.79889791608	2.723340809
3.73499354674	-8.2713617481	-32.3636122891
1.33221158978	3.72140210203	23.8300749334
7.75715372152	8.70027816702	55.7752558249
7.47609477073	4.01273685815	32.5834396816
1.45268314315	-2.03281703992	-5.28591193193
-6.29277779785	-8.47169920183	-46.1729122446
-0.0602180749853	2.20272125002	13.8618891496
7.97009314661	0.866013867848	16.6269613852
5.49147680859	-6.23015383407	-21.3312775938
-2.76186709742	-7.93920280403	-40.9294513162
-3.77113287934	-0.62162078106	-4.49551305227
-9.29710639867	-7.9495050662	-47.2339028699
0.38201381706	-4.08143248363	-17.164650158
7.14568173913	-1.35801329829	5.16415603445
-1.56964169847	-7.07642132872	-34.7069047738
-0.381931698208	2.3467807903	14.4310580947
9.0090149481	-6.93943918542	-22.9806875511
0.282614811718	-3.72637107869	-16.3000904649
-1.21908569516	7.73598930361	40.3376810412
5.38904638976	8.79170478635	53.2606528227
2.75727860348	-8.60923308692	-36.6041202034
2.26677458596	7.30341357287	43.0920386359
-9.2809683134	7.65977119827	30.8581323902
8.83804337868	-6.39221819853	-18.119343432
2.06892101068	4.93263162525	29.0667035999
-3.71476289139	8.99141141496	43.8888402518
2.19285830672	3.88236775	25.9004524464
5.32976438043	-3.96846970314	-11.0588775931
6.34828479327	9.27930503221	57.2286952794
7.88701306104	-1.64853376386	3.53517029553
8.56182091334	-4.74416249434	-11.3878034433
2.27989449065	-9.67422955766	-43.2427988167
-6.64858049222	4.46022360696	17.5140937129
-9.45733739703	8.89105099562	36.5155956193
4.51343308561	-5.6980222993	-20.03191218
7.99623024726	0.162102070935	12.4847654611
5.38330552946	-4.71384853152	-14.1487013946
-0.430053945535	-4.90612483106	-21.8465449024
-9.03059405699	-2.39670935388	-19.7592133839
-6.22931251234	8.96308134013	40.657041934
-7.87361485503	9.82571655725	41.9716150304
-5.77713990019	5.3480697646	23.352617591
-8.70802646482	-6.67107944772	-40.826769007
-9.7357785102	-8.92500191867	-54.3693902846
-9.84325211286	6.50197948308	23.0387106991
6.553888601	1.37176452196	17.6731117571
4.60872235389	-3.69920479828	-10.41432372
-8.46840488908	-8.33124437554	-49.1761411573
3.18783234492	2.45644992243	18.8989289647
5.19928206237	3.26204892891	25.0274500432
-9.47898819011	0.99562396769	-3.63502287142
-0.556054236106	9.66527909505	50.7629175628
0.0273577968703	-1.69780927167	-5.07487689467
4.58375264929	-8.44772590979	-33.507403664
4.23540714362	3.26820822502	24.6633830248
3.79098733303	-0.110853696287	8.37085741104
0.345439564244	-8.11920788042	-36.8441940865
-7.47655422587	4.86112680001	19.4938690909
7.60568074903	-8.86286643053	-31.8792541311
-4.57029247052	4.61410898288	21.2233342957
-8.69643579409	-6.14606033844	-37.9728321357
5.17839377974	9.0797293903	54.544799764
4.73389761107	-3.50660822937	-8.92726997414
-1.23030273921	-0.536914105884	-0.873632629006
4.29555458308	9.76151235045	57.8620136145
8.0698890012	4.43363669558	35.9943515935
-0.543006325119	-3.71472398905	-15.0040478467
-4.30677802028	-2.35737981988	-12.0325059904
1.55917568071	7.29391477559	41.2057540637
-0.701684013304	-4.04766909985	-18.5491367241
9.78650543907	3.8058807066	33.7602610462
9.81313580274	3.5552527697	31.7088690986
4.78108180047	0.0634952861265	8.59071112923
-0.454921716237	-6.64313671022	-31.103859342
-6.30175012291	-2.07332463584	-14.3948244412
-8.19863858721	-1.37146671518	-13.1421139207
-4.58075924986	2.79848367336	11.3887319638
-8.56091335745	-9.75886042119	-55.6329752901
1.50582561859	2.90433284441	18.4703990049
4.0003661985	5.74778036477	36.7727131287
-7.8858996158	-0.51509213545	-8.43281299476
-8.16229536598	-3.43656687609	-24.5321345951
4.99345596652	7.40000187334	47.0729424483
0.919997689975	9.13178427466	49.3948161782
-3.58821405067	-5.21221416501	-27.8343164117
-4.37379124157	-0.65048970661	-6.09266026235
5.1892323788	0.251579755912	10.4059233482
-7.01046265337	6.40103005476	25.8524226143
4.22131713393	-2.06138110653	-2.49213252264
9.16296105207	3.06918584643	29.7814820143
-2.84477560087	-9.92616991549	-50.0458078933
-4.21588261491	7.93520955119	37.590712256
0.183583943726	-5.27796999566	-23.3266959722
-1.78571723374	4.97763618304	24.9841148823
-2.90022960524	-5.54768538664	-29.1469596242
9.89059113146	-4.65876245034	-8.03301703444
-9.71149321065	8.24987615201	32.9070209032
-7.42335971753	4.79759362983	17.7009155211
4.04204669847	-8.52550925388	-34.6512394554
-7.75523519006	-3.52092302876	-25.0100038215
-1.08409526231	-2.98556181068	-13.0912018386
2.3044404145	-0.273833717408	4.57126853865
4.21092897086	-2.10296139699	-2.05125892068
1.59191359081	-1.05530935523	-0.408826736325
2.45591691009	-7.6109400522	-32.3754068678
-7.4460257422	5.81169380883	23.384914917
-9.2267475416	-2.25057870394	-19.2726984034
8.47841958886	9.36416241892	58.6367420819
7.50462430246	3.27282256245	28.9874568796
0.322405255552	9.1506920687	48.6257969303
-6.84308977922	4.63142687423	19.1335164568
7.16748426637	8.72065855175	54.1564580601
-5.82610214031	-8.69982960857	-47.9006331052
7.94924763981	-9.00400576168	-32.0714456775
6.4789867156	8.18232296186	51.0892177114
1.61619153335	2.49091744706	16.7583112621
2.06699415363	1.08626056625	10.4635062296
3.84444101085	7.88543426609	47.9031427936
4.27976253534	9.41786129331	54.9406755301
9.29007780065	4.23659014782	35.1660866823
6.00832345431	6.89372717973	44.6765559051
8.22532490694	5.19565481414	39.2097837487
4.82236984677	2.64698085097	20.4544439684
3.23313452209	3.66651071199	25.5435358018
-2.96625208889	4.27940098318	20.86173424
5.0176624997	8.77846897241	53.4024942364
7.95148687068	6.43336113639	44.7689275294
-6.60169852938	-5.40600009152	-31.8468268482
4.17077370168	-6.49488142583	-24.2545717672
1.16034415113	-7.5910395242	-34.1633197982
6.19469828026	-8.18493539928	-30.289843015
8.31000655414	-8.14713943368	-28.6482987048
7.87137401317	1.28538467393	17.7160777338
-0.378804014789	-6.58405149192	-29.975732812
3.26760117708	-9.62183416411	-41.0408870795
-3.67983236441	8.63616935162	41.9582868272
-5.3768734227	-0.464770224626	-6.51687858732
6.56618632924	-0.473531549096	8.0908646062
9.59634658615	-0.573314042908	11.3807424453
3.70451892964	4.29933374676	30.2686208037
-2.41045533971	-4.4499896014	-21.9543920961
4.599737205	-8.19215398377	-33.8187543359
-1.60987392648	-4.01211551178	-19.12360035
4.42784896232	-9.25933634442	-38.1030421783
8.08506134573	-7.23523005801	-23.2091474822
-6.36688127265	-1.24601679169	-10.9090439275
2.83253313582	-3.45496710127	-11.7534231489
-5.21673382606	8.12879508787	37.0570590366
-9.71391234016	-3.33053114151	-25.73554495
-0.379580019531	-8.62907835916	-41.5996511131
-8.11270149214	-0.910425448412	-11.1109944661
-9.34217168737	7.62402549984	30.7445691653
-5.54614924295	-8.74139409143	-46.8214063353
3.61991696343	-2.01588735842	-2.01158113605
-5.26385258439	-1.19090667444	-9.73466177953
-8.34346273108	-6.14241305047	-37.7381898064
-0.727793707131	5.96819036133	32.2960027847
-6.50017979824	4.8580871513	19.4933962591
-7.06789235027	-4.37085026982	-26.5068216475
2.82040657896	9.68866607589	55.7197423355
-3.05712051609	-9.31695415075	-46.1604286378
-8.993505092	7.93875611752	31.5071331759
-2.27627036236	0.321366800786	0.538602626216
6.05499682025	2.23280219	20.9702410251
-2.5622048723	4.82935833129	24.3842028257
-5.30320889074	-0.328327036893	-5.08431516071
-2.88855038057	8.33886946793	41.5576662648
-6.27327050406	9.60535017669	43.7588378118
5.10062348677	2.35457874124	20.6343619152
1.58716035682	9.32424920707	50.6224971935
6.33261652129	5.62553865197	39.5699145649
8.37160424986	2.70074764696	27.902869133
-5.85200392304	1.59521084796	4.08841640649
0.382610618949	9.94592285124	52.3114985998
5.57026252946	9.25267056326	55.4373962589
9.65192091609	6.4053134161	47.0698353081
6.72949631217	-8.23594608277	-30.895450381
0.220253898645	7.03446664699	38.6861492331
2.3308341915	-6.30718133832	-25.9842703064
-5.65769870043	6.34747911583	28.7483981788
3.85125439139	2.33507738965	18.8453597762
1.3667361715	-8.42198337148	-38.0515392249
-3.82166424647	2.67557412614	12.2801313881
8.24893808131	-6.37495347519	-18.0647688631
-4.77295713579	0.0939651450924	-3.48842463666
0.126548268836	-6.4286219285	-28.5170661846
3.32527093442	5.11740238673	32.581663811
-5.96584064007	2.41379550381	7.40669849396
-1.84354174045	-1.16142534429	-4.61931554253
6.73875882728	5.47489393873	38.3934358447
-2.62458279121	-9.50279460848	-46.9910658468
4.77227715964	0.980583733514	13.094794119
6.33585066297	9.30221115159	58.5493986884
-1.35482198142	7.25804168679	37.0324108903
6.30962944473	3.37022884519	27.595688423
7.0969686161	-9.92558410586	-38.203196871
8.1992631021	4.03069671414	34.176662405
-8.16095677211	-9.19093631067	-53.1380498349
7.30288205408	-9.69574161399	-36.259432277
-1.56162160493	-8.19717582108	-40.5675548325
3.64958938782	-0.846780436856	3.16245051946
7.33289573717	0.202918864994	12.4908092347
-4.95144890636	8.18312805111	38.6551577659
-0.487023128427	-3.4621146895	-15.4527738006
-9.60604354693	5.7734513561	20.7574014849
0.536383730055	-5.93435898173	-25.9977588625
-7.56622553961	-6.46566269417	-38.3068386642
7.66429772428	6.06668753524	41.1582716345
-2.11039928087	5.45796220782	28.2024694359
-4.09206788057	4.20265611042	19.043583455
8.04326736057	3.84079998038	31.2538727674
-0.485587507277	-6.24019352533	-30.4963293801
-0.675282902072	6.95241215521	36.5979848485
-8.1597823633	-8.81582856802	-50.7940967433
5.20579153494	-2.27214831383	-2.63691600835
0.518407253174	9.07270663906	49.1997381857
-4.46300910469	3.08208735355	13.892206591
-4.65079725004	-8.20204964899	-43.4540810501
-5.50903655258	0.7245677682	-0.396076901908
-3.45789439171	3.14247936363	14.5723884027
9.4945746328	-8.20258396978	-26.3725314241
8.39377719258	3.53963668116	31.4959475977
8.62909991816	3.59786477151	31.7675463622
-0.79902660616	-2.15755963256	-9.28392161967
-5.98303966292	1.93200276937	5.05944029311
-7.31680801946	8.79944324671	38.6726837369
9.23966604198	0.988487855708	18.4207818451
3.15671795013	3.66987191538	25.5752462882
